573.1381
573.13816
573.13817
573.13818
573.13819
573.1382
573.13821
573.13822
573.13823
573.13824
573.13825
573.13826
573.13827
573.13828
573.13829
573.1383
573.13831
573.13832
573.13833
573.13834
573.13835
573.13836
573.13838
573.13839
573.1384
573.13841
573.13842
573.13843
573.13844
573.13845
573.13846
573.13847
573.13848
573.13849
573.1385
573.13851
573.13852
573.13853
573.13854
573.13855
573.13856
573.13857
573.13858
573.13859
573.1386
573.13861
573.13862
573.13863
573.13864
573.13865
573.13866
573.13867
573.13868
573.13869
573.1387
573.13871
573.13872
573.13873
573.13874
573.13875
573.13876
573.13878
573.13879
573.1388
573.13881
573.13882
573.13883
573.13884
573.13885
573.13886
573.13887
573.13888
573.13889
573.1389
573.13891
573.13892
573.13893
573.13894
573.13895
573.13896
573.13897
573.13898
573.13899
573.13901
573.13902
573.13903
573.13904
573.13905
573.13906
573.13907
573.13908
573.13909
573.1391
573.13911
573.13912
573.13913
573.13914
573.13915
573.13916
573.13917
573.13918
573.13919
573.1392
573.13921
573.13922
573.13923
573.13924
573.13925
573.13926
573.13927
573.13928
573.13929
573.1393
573.13931
573.13932
573.13933
573.13934
573.13935
573.13936
573.13937
573.13938
573.13939
573.1394
573.13941
573.13942
573.13943
573.13944
573.13945
573.13946
573.13947
573.13948
573.13949
573.1395
573.13951
573.13952
573.13953
573.13954
573.13955
573.13956
573.13957
573.13958
573.13959
573.1396
573.13961
573.13962
573.13963
573.13964
573.13965
573.13966
573.13967
573.13968
573.13969
573.1397
573.13971
573.13972
573.13973
573.13974
573.13975
573.13976
573.13977
573.13978
573.13979
573.1398
573.13981
573.13982
573.13983
573.13984
573.13985
573.13986
573.13987
573.13988
573.13989
573.1399
573.13991
573.13992
573.13993
573.13994
573.13995
573.13996
573.13997
573.13998
573.13999
573.14001
573.14002
573.14003
573.14004
573.14005
573.14006
573.14007
573.14008
573.14009
573.1401
573.14011
573.14012
573.14013
573.14014
573.14015
573.14016
573.14017
573.14018
573.14019
573.1402
573.14022
573.14023
573.14024
573.14026
573.14027
573.14028
573.14029
573.1403
573.14031
573.14032
573.14033
573.14034
573.14035
573.14036
573.14037
573.14038
573.14039
573.1404
573.14041
573.14042
573.14043
573.14044
573.14045
573.14046
573.14047
573.14048
573.14049
573.1405
573.14051
573.14052
573.14053
573.14054
573.14055
573.14056
573.14057
573.14058
573.14059
573.1406
573.14061
573.14062
573.14063
573.14064
573.14065
573.14066
573.14067
573.14068
573.14069
573.1407
573.14071
573.14072
573.14073
573.14074
573.14075
573.14076
573.14077
573.14078
573.14079
573.1408
573.14081
573.14082
573.14083
573.14084
573.14085
573.14086
573.14087
573.14088
573.14089
573.1409
573.14091
573.14092
573.14093
573.14094
573.14095
573.14096
573.14097
573.14098
573.14099
573.14101
573.14102
573.14103
573.14104
573.14105
573.14106
573.14107
573.14108
573.14109
573.1411
573.14111
573.14112
573.14113
573.14114
573.14115
573.14116
573.14117
573.14118
573.14119
573.1412
573.14121
573.14122
573.14123
573.14124
573.14125
573.14126
573.14127
573.14128
573.14129
573.1413
573.14131
573.14132
573.14133
573.14134
573.14135
573.14136
573.14137
573.14138
573.14139
573.1414
573.14141
573.14142
573.14143
573.14144
573.14146
573.14147
573.14148
573.14149
573.1415
573.14151
573.14152
573.14153
573.14154
573.14155
573.14156
573.14158
573.14159
573.1416
573.14161
573.14162
573.14163
573.14164
573.14165
573.14166
573.14167
573.14168
573.14169
573.1417
573.14171
573.14172
573.14173
573.14174
573.14175
573.14176
573.14177
573.14178
573.14179
573.1418
573.14181
573.14182
573.14183
573.14184
573.14185
573.14186
573.14187
573.14188
573.14189
573.1419
573.14191
573.14192
573.14193
573.14194
573.14195
573.14196
573.14197
573.14198
573.14199
573.14201
573.14202
573.14203
573.14204
573.14205
573.14206
573.14207
573.14208
573.14209
573.1421
573.14211
573.14212
573.14213
573.14214
573.14215
573.14216
573.14217
573.14218
573.14219
573.1422
573.14221
573.14222
573.14223
573.14224
573.14225
573.14226
573.14227
573.14228
573.14229
573.14231
573.14232
573.14233
573.14234
573.14235
573.14236
573.14237
573.14238
573.14239
573.1424
573.14241
573.14242
573.14243
573.14244
573.14245
573.14246
573.14247
573.14248
573.14249
573.1425
573.14251
573.14252
573.14253
573.14254
573.14255
573.14256
573.14257
573.14258
573.14259
573.1426
573.14261
573.14262
573.14263
573.14264
573.14265
573.14266
573.14267
573.14268
573.14269
573.1427
573.14271
573.14272
573.14273
573.14274
573.14275
573.14276
573.14277
573.14278
573.14279
573.1428
573.14281
573.14282
573.14283
573.14284
573.14285
573.14286
573.14287
573.14288
573.14289
573.1429
573.14291
573.14292
573.14293
573.14294
573.14295
573.14296
573.14297
573.14298
573.14299
573.14301
573.14302
573.14303
573.14304
573.14305
573.14306
573.14307
573.14308
573.14309
573.1431
573.14311
573.14312
573.14313
573.14314
573.14315
573.14316
573.14317
573.14319
573.1432
573.14321
573.14322
573.14324
573.14325
573.14326
573.14327
573.14328
573.14329
573.1433
573.14331
573.14332
573.14333
573.14334
573.14335
573.14336
573.14337
573.14338
573.14339
573.1434
573.14341
573.14342
573.14343
573.14344
573.14345
573.14346
573.14347
573.14348
573.14349
573.1435
573.14351
573.14352
573.14353
573.14354
573.14355
573.14356
573.14357
573.14358
573.14359
573.1436
573.14361
573.14362
573.14363
573.14364
573.14365
573.14366
573.14367
573.14368
573.14369
573.14371
573.14372
573.14373
573.14374
573.14375
573.14376
573.14377
573.14378
573.14379
573.1438
573.14381
573.14382
573.14383
573.14384
573.14385
573.14386
573.14387
573.14388
573.14389
573.1439
573.14391
573.14392
573.14393
573.14394
573.14395
573.14396
573.14397
573.14398
573.14399
573.14401
573.14402
573.14403
573.14404
573.14405
573.14406
573.14407
573.14408
573.14409
573.1441
573.14411
573.14413
573.14415
573.14416
573.14417
573.14418
573.14419
573.1442
573.14421
573.14422
573.14423
573.14424
573.14425
573.14426
573.14427
573.14428
573.14429
573.1443
573.14431
573.14432
573.14433
573.14434
573.14435
573.14436
573.14437
573.14438
573.14439
573.1444
573.14441
573.14442
573.14443
573.14444
573.14445
573.14446
573.14447
573.14448
573.14449
573.1445
573.14451
573.14452
573.14453
573.14454
573.14455
573.14456
573.14457
573.14458
573.14459
573.1446
573.14461
573.14462
573.14463
573.14464
573.14465
573.14466
573.14467
573.14468
573.14469
573.1447
573.14471
573.14472
573.14473
573.14474
573.14475
573.14477
573.14478
573.14479
573.1448
573.14481
573.14482
573.14483
573.14484
573.14485
573.14486
573.14487
573.14488
573.14489
573.1449
573.14491
573.14492
573.14493
573.14494
573.14495
573.14496
573.14497
573.14498
573.14499
573.14501
573.14502
573.14503
573.14504
573.14505
573.14506
573.14507
573.14508
573.14509
573.1451
573.14511
573.14512
573.14513
573.14514
573.14515
573.14516
573.14517
573.14518
573.14519
573.1452
573.14521
573.14522
573.14523
573.14524
573.14525
573.14526
573.14527
573.14528
573.14529
573.1453
573.14531
573.14532
573.14533
573.14534
573.14535
573.14536
573.14537
573.14538
573.14539
573.1454
573.14541
573.14542
573.14543
573.14544
573.14545
573.14546
573.14547
573.14548
573.14549
573.1455
573.15042
573.15043
573.15044
573.15107
573.15108
573.15217
573.15329
573.1536
573.15361
573.15362
573.15364
573.15366
573.15367
573.15368
573.15369
573.1537
573.15371
573.15372
573.15373
573.15374
573.15375
573.15376
573.15377
573.1542
573.15432
573.15433
573.15434
573.15435
573.15436
573.15437
573.15438
573.15439
573.1544
573.15441
573.15442
573.15443
573.15444
573.15445
573.15446
573.15447
573.15448
573.15449
573.1545
573.15451
573.15452
573.15455
573.15456
573.15458
573.15459
573.1546
573.15461
573.15462
573.15463
573.15465
573.15466
573.15468
573.15469
573.1547
573.15471
573.15472
573.15473
573.15474
573.15475
573.15476
573.15477
573.15478
573.15479
573.1548
573.15481
573.15482
573.15483
573.15484
573.15485
573.15486
573.15487
573.15488
573.15489
573.1549
573.15491
573.15492
573.15493
573.15495
573.15496
573.15497
573.15498
573.15499
573.15501
573.15502
573.15503
573.15504
573.15505
573.15506
573.15507
573.15509
573.1551
573.15511
573.15512
573.15513
573.15514
573.15515
573.15516
573.15517
573.15518
573.15519
573.1552
573.15521
573.15522
573.15523
573.15524
573.15525
573.15526
573.15527
573.15528
573.15529
573.1553
573.15531
573.15533
573.15534
573.15535
573.15536
573.15537
573.15538
573.15539
573.1554
573.15541
573.15542
573.15543
573.15544
573.15545
573.15546
573.15547
573.15548
573.1555
573.15551
573.15552
573.15553
573.15554
573.15555
573.15556
573.15557
573.15558
573.15559
573.1556
573.15561
573.15562
573.15563
573.15564
573.15565
573.15566
573.15567
573.15568
573.15569
573.1557
573.15571
573.15572
573.15573
573.15574
573.15575
573.15576
573.15577
573.15579
573.1558
573.15581
573.15582
573.15583
573.15584
573.15585
573.15586
573.15587
573.15588
573.15589
573.1559
573.15591
573.15592
573.15593
573.15594
573.15595
573.15596
573.15597
573.15598
573.15599
573.15601
573.15602
573.15603
573.15605
573.15606
573.15607
573.15608
573.15609
573.1561
573.15611
573.15612
573.15613
573.15614
573.15615
573.15616
573.15617
573.15618
573.15619
573.1562
573.15621
573.15622
573.15623
573.15624
573.15626
573.15627
573.15628
573.15629
573.1563
573.15631
573.15632
573.15634
573.15635
573.15636
573.15638
573.15639
573.1564
573.15641
573.15642
573.15643
573.15644
573.15645
573.15646
573.15648
573.15649
573.1565
573.15653
573.15654
573.15661
573.15662
573.15663
573.15664
573.15665
573.15666
573.15667
573.15668
573.15669
573.1567
573.15671
573.15672
573.15673
573.15674
573.15675
573.15676
573.15677
573.15679
573.1568
573.15681
573.15682
573.15683
573.15684
573.15685
573.15686
573.15688
573.15689
573.1569
573.15691
573.15693
573.15694
573.15695
573.15696
573.15697
573.15698
573.15699
573.15701
573.15702
573.15703
573.15704
573.15705
573.15706
573.15707
573.15708
573.1571
573.15711
573.15713
573.15714
573.15716
573.15717
573.15719
573.1572
573.15721
573.15722
573.15724
573.15725
573.15726
573.15727
573.15728
573.15729
573.1573
573.15731
573.15732
573.15733
573.15734
573.1719
573.1721
573.1722
573.1723
573.1724
573.1725
573.1726
573.1727
573.1728
573.1729
573.1731
573.1732
573.1733
573.1734
573.17908
573.17914
573.17915
573.17927
573.17943
573.18086
573.18087
573.18088
573.18093
573.18472
573.18476
573.18477
573.18541
573.18542
573.18543
573.19877
573.1996
573.1998
573.1999
573.2001
573.2002
573.2003
573.2004
573.2005
573.20059
573.2006
573.20061
573.20062
573.20063
573.20064
573.20065
573.2007
573.2008
573.2009
573.2011
573.2012
573.2013
573.2015
573.2016
573.2017
573.2018
573.2019
573.2021
573.2022
573.2023
573.2024
573.2025
573.2026
573.2027
573.2028
573.2029
573.22555
573.22556
573.22557
573.22558
573.22559
573.22561
573.22562
573.22563
573.22564
573.22565
573.22566
573.22567
573.22568
573.23196
573.23197
573.23198
573.23199
573.23201
573.23202
573.23203
573.23204
573.23205
573.23206
573.23207
573.23208
573.23209
573.2321
573.23211
573.23212
573.23213
573.23214
573.23215
573.23216
573.23217
573.23218
573.23219
573.2322
573.23221
573.23222
573.23223
573.23224
573.23225
573.23228
573.23229
573.23233
573.24243
573.24244
573.24245
573.24246
573.24247
573.24248
573.24249
573.24251
573.24252
573.24253
573.24254
573.24255
573.24256
573.24257
573.24258
573.24259
573.24261
573.24262
573.24263
573.24264
573.24265
573.24266
573.24267
573.24268
573.24269
573.24271
573.24272
573.24273
573.24274
573.24275
573.24276
573.24277
573.24278
573.24279
573.24281
573.24282
573.24283
573.24284
573.24285
573.24286
573.24287
573.24288
573.24289
573.24291
573.24292
573.24293
573.24294
573.24295
573.24296
573.24297
573.24298
573.24299
573.24301
573.24302
573.24303
573.24304
573.24305
573.24306
573.24307
573.24308
573.24309
573.24311
573.24312
573.24313
573.24314
573.24315
573.24316
573.24317
573.24318
573.24319
573.24321
573.24322
573.24323
573.24324
573.24325
573.24326
573.24327
573.24328
573.24329
573.24331
573.24332
573.24333
573.24334
573.24335
573.24336
573.24337
573.24338
573.24339
573.24341
573.24342
573.24343
573.24344
573.24345
573.24346
573.24347
573.24348
573.24349
573.24351
573.24352
573.24353
573.24354
573.24355
573.24356
573.24357
573.24358
573.24359
573.24361
573.24362
573.24363
573.24364
573.24365
573.24366
573.24367
573.24368
573.24369
573.24371
573.24372
573.24373
573.24374
573.24375
573.24376
573.24377
573.24378
573.24379
573.24381
573.24382
573.24383
573.24384
573.24385
573.24386
573.24387
573.24388
573.24389
573.24391
573.24392
573.24393
573.24394
573.24395
573.24396
573.24397
573.24398
573.24399
573.24401
573.24402
573.24403
573.24404
573.24405
573.24406
573.24407
573.24408
573.24409
573.24411
573.24412
573.24413
573.24414
573.24415
573.24416
573.24417
573.24418
573.24419
573.24421
573.24422
573.24423
573.24424
573.24425
573.24426
573.24427
573.24428
573.24429
573.24431
573.24432
573.24433
573.24434
573.24435
573.24436
573.24437
573.24438
573.24439
573.24441
573.24442
573.24443
573.24444
573.24445
573.24446
573.24447
573.24448
573.24449
573.24451
573.24452
573.24453
573.24454
573.24455
573.25568
573.25569
573.25927
573.26073
573.26074
573.26075
573.26076
573.26077
573.26078
573.26079
573.26081
573.26082
573.26083
573.26084
573.26085
573.26086
573.26087
573.26088
573.26089
573.26091
573.26092
573.26093
573.26094
573.26095
573.26096
573.26097
573.26098
573.26099
573.26101
573.26102
573.26103
573.26105
573.26106
573.26107
573.26108
573.26109
573.26111
573.26112
573.26113
573.26114
573.26115
573.26116
573.26117
573.26118
573.26119
573.26121
573.26122
573.26123
573.26124
573.26125
573.26126
573.26127
573.26128
573.26129
573.26131
573.26132
573.26133
573.26134
573.26135
573.26136
573.26137
573.26138
573.26139
573.26141
573.26142
573.26143
573.26144
573.26145
573.26146
573.26147
573.26148
573.26149
573.26151
573.26152
573.26153
573.26154
573.26155
573.26156
573.26157
573.26158
573.26159
573.26161
573.26162
573.26163
573.26164
573.26165
573.26166
573.26167
573.26168
573.26169
573.26171
573.26172
573.26173
573.26174
573.26175
573.26176
573.26177
573.26178
573.26179
573.26181
573.26182
573.26183
573.26184
573.26185
573.26186
573.26187
573.26188
573.26189
573.26191
573.26192
573.26193
573.26194
573.26195
573.26196
573.26197
573.26198
573.26199
573.26201
573.26202
573.26203
573.26204
573.26205
573.26206
573.26207
573.26208
573.26209
573.26211
573.26212
573.26213
573.26214
573.26215
573.26216
573.26217
573.26218
573.26219
573.26221
573.26222
573.26223
573.26224
573.26225
573.26226
573.26227
573.26228
573.26229
573.26232
573.26233
573.26234
573.26235
573.26236
573.26237
573.26238
573.26239
573.26241
573.26242
573.26243
573.26244
573.26245
573.26246
573.26247
573.26248
573.26249
573.26251
573.26252
573.26253
573.26254
573.26255
573.26256
573.26257
573.26258
573.26259
573.26261
573.26262
573.26263
573.26264
573.26265
573.26266
573.26267
573.26268
573.26269
573.26271
573.26272
573.26273
573.26274
573.26275
573.26276
573.26277
573.26278
573.26279
573.26281
573.26282
573.26283
573.26284
573.26285
573.26286
573.26287
573.26288
573.26289
573.26291
573.26292
573.26293
573.26294
573.26295
573.26296
573.26297
573.26298
573.26299
573.26301
573.26302
573.26303
573.26304
573.26305
573.26306
573.26307
573.26308
573.26309
573.26311
573.26312
573.26313
573.26314
573.26315
573.26316
573.26317
573.26318
573.26319
573.26321
573.26322
573.26323
573.29861
573.29862
573.29863
573.29864
573.29865
573.29866
573.29867
573.29868
573.29869
573.29871
573.29872
573.29873
573.29874
573.29875
573.29876
573.29877
573.29878
573.29879
573.29881
573.29882
573.29883
573.29884
573.29885
573.29886
573.29887
573.29888
573.29889
573.29891
573.29892
573.29893
573.29894
573.29895
573.29896
573.29897
573.29898
573.29899
573.29901
573.29902
573.29903
573.29904
573.29905
573.29906
573.29907
573.29908
573.29909
573.29911
573.29912
573.29913
573.29914
573.29915
573.29916
573.29917
573.29918
573.29919
573.29921
573.29922
573.29923
573.29924
573.29925
573.29926
573.29927
573.29928
573.29929
573.29931
573.29932
573.29933
573.29934
573.29935
573.29936
573.29937
573.29938
573.29939
573.29941
573.29942
573.29943
573.29944
573.29945
573.29946
573.29947
573.29948
573.29949
573.29951
573.29952
573.29953
573.29954
573.29955
573.29956
573.29957
573.29958
573.29959
573.29961
573.29962
573.29963
573.29964
573.29965
573.29966
573.29967
573.29968
573.29969
573.29971
573.29972
573.29973
573.29974
573.29975
573.29976
573.29977
573.29978
573.29979
573.29981
573.29982
573.29983
573.29984
573.29985
573.29986
573.29987
573.29988
573.29989
573.29991
573.29992
573.29993
573.29994
573.29995
573.29996
573.29997
573.29998
573.29999
573.30001
573.30002
573.30003
573.30004
573.30005
573.30006
573.30007
573.30008
573.30009
573.30011
573.30012
573.30013
573.30014
573.30015
573.30016
573.30017
573.31061
573.31062
573.31063
573.31064
573.31067
573.31068
573.31069
573.31071
573.31072
573.31073
573.31074
573.31075
573.31076
573.31077
573.31078
573.31079
573.31081
573.31082
573.31083
573.31084
573.33391
573.33392
573.33393
573.33394
573.33395
573.33396
573.33397
573.33398
573.33399
573.33401
573.33402
573.33403
573.33404
573.33405
573.33406
573.33407
573.33408
573.33409
573.33411
573.33412
573.33413
573.33414
573.33415
573.33416
573.33417
573.33418
573.33419
573.33421
573.33422
573.34234
573.34237
573.34239
573.34246
573.34248
573.34252
573.34254
573.34255
573.34261
573.34262
573.34278
573.34283
573.34284
573.34294
573.34297
573.34302
573.35513
573.46064
573.46065
573.46066
573.46067
573.46068
573.46069
573.46071
573.46072
573.46073
573.46074
573.46075
573.46076
573.46077
573.46078
573.46079
573.46081
573.46082
573.46083
573.46084
573.46085
573.46087
573.46088
573.46089
573.46091
573.46092
573.46093
573.46094
573.46095
573.46096
573.46097
573.46098
573.46099
573.46101
573.46102
573.46103
573.46104
573.46105
573.46106
573.46107
573.46108
573.46109
573.46111
573.46112
573.46113
573.46114
573.46115
573.46116
573.46117
573.46118
573.46119
573.46829
573.46831
573.46832
573.46833
573.46834
573.46835
573.46836
573.46837
573.46838
573.46839
573.46841
573.46842
573.46843
573.46844
573.46845
573.46846
573.46847
573.46848
573.46849
573.46851
573.46852
573.46853
573.46854
573.46855
573.46856
573.46857
573.46858
573.46859
573.46861
573.46862
573.46863
573.46864
573.46865
573.46866
573.46867
573.46868
573.46869
573.46871
573.46872
573.46873
573.46874
573.46875
573.46876
573.46877
573.5623
573.5624
573.5636
573.5638
573.5644
573.5645
573.5646
573.5647
573.5649
573.5658
573.5661
573.5663
573.5665
573.5672
573.5673
573.5676
573.5677
573.5678
573.5679
573.5681
573.5682
573.5683
573.5684
573.5687
573.5691
573.5692
573.5694
573.5695
573.5697
573.5698
573.5701
573.5702
573.5705
573.5706
573.5707
573.5709
573.5711
573.5712
573.5716
573.5717
573.5719
573.5722
573.5724
573.5726
573.5763
573.5764
573.5765
573.5766
573.5767
573.5768
573.5769
573.5777
573.5778
573.5779
573.5781
573.5793
573.5794
573.5795
573.5796
573.5797
573.5798
573.5799
573.5801
573.5802
573.5803
573.5804
573.5805
573.5806
573.5807
573.5808
573.5809
573.5811
573.5812
573.5813
573.5814
573.5815
573.5816
573.5817
573.5818
573.5819
573.5821
573.5822
573.5823
573.5824
573.5825
573.5826
573.5827
573.5828
573.65893
573.65896
573.66101
573.66102
573.66103
573.66104
573.66105
573.66106
573.66107
573.66108
573.66109
573.66111
573.66112
573.66113
573.66114
573.66115
573.66116
573.66117
573.66118
573.66119
573.66121
573.66122
573.66123
573.66124
573.66125
573.66126
573.66127
573.66128
573.66129
573.66131
573.66132
573.66133
573.66134
573.66135
573.66136
573.66137
573.66138
573.66139
573.66141
573.66142
573.66143
573.66144
573.66145
573.66146
573.66147
573.66148
573.66149
573.66151
573.66152
573.66153
573.66154
573.66155
573.66156
573.66157
573.66158
573.66159
573.66161
573.66162
573.66163
573.66164
573.66165
573.66166
573.66167
573.66168
573.66169
573.66171
573.66186
573.66212
573.66213
573.66214
573.66215
573.66216
573.66217
573.66218
573.66219
573.66221
573.66223
573.66228
573.66231
573.66232
573.66233
573.66234
573.66235
573.66237
573.66239
573.66241
573.66242
573.66243
573.66244
573.66245
573.66249
573.66252
573.66253
573.66255
573.66256
573.66258
573.66262
573.66263
573.66264
573.66265
573.66267
573.66268
573.66273
573.66274
573.66275
573.66277
573.66279
573.66281
573.66283
573.66284
573.66286
573.66287
573.66289
573.66291
573.66292
573.66295
573.66296
573.66297
573.66298
573.66299
573.66301
573.66302
573.66303
573.66304
573.66305
573.66306
573.66311
573.66312
573.66313
573.66315
573.66321
573.66322
573.66324
573.66325
573.66327
573.66328
573.66329
573.66334
573.66336
573.66337
573.66338
573.66341
573.66342
573.66343
573.66344
573.66345
573.66346
573.66347
573.66348
573.66349
573.66352
573.66353
573.66354
573.66355
573.66356
573.66357
573.66358
573.66359
573.66361
573.66364
573.66365
573.66366
573.66367
573.66368
573.66369
573.66371
573.66372
573.66373
573.66375
573.66376
573.66377
573.66378
573.66383
573.66388
573.66391
573.66393
573.66394
573.66395
573.66396
573.66397
573.66398
573.66399
573.66401
573.66402
573.66403
573.66404
573.66406
573.66407
573.66408
573.66409
573.66411
573.66412
573.66413
573.66414
573.66415
573.66416
573.66417
573.66418
573.66419
573.66423
573.66424
573.66425
573.66426
573.66427
573.66428
573.66429
573.66431
573.66432
573.66433
573.66434
573.66435
573.66436
573.66437
573.66439
573.66441
573.66442
573.66443
573.66444
573.66445
573.66448
573.66449
573.66452
573.66453
573.66454
573.66455
573.66456
573.66457
573.66458
573.66459
573.66461
573.66462
573.66463
573.66464
573.66467
573.66468
573.66469
573.66471
573.66472
573.66473
573.66475
573.66476
573.66479
573.66481
573.66482
573.66484
573.66486
573.66487
573.66488
573.66489
573.66491
573.66492
573.66493
573.66494
573.66495
573.66496
573.66497
573.66498
573.66499
573.66503
573.66504
573.66505
573.66508
573.66509
573.66511
573.66512
573.66513
573.66514
573.66515
573.66516
573.66518
573.66521
573.66522
573.66524
573.66525
573.66526
573.66527
573.66528
573.66529
573.66531
573.66532
573.66534
573.66536
573.66538
573.66539
573.66541
573.66542
573.66543
573.66544
573.66545
573.66546
573.66547
573.66548
573.66549
573.66551
573.66555
573.66557
573.66559
573.66562
573.66563
573.66564
573.66571
573.66584
573.67178
573.67181
573.67182
573.67183
573.67184
573.67185
573.67186
573.67187
573.67188
573.67189
573.67191
573.67192
573.67193
573.67194
573.67195
573.67196
573.67197
573.67198
573.67199
573.67201
573.67202
573.67203
573.67204
573.67205
573.67206
573.67207
573.67208
573.67209
573.67211
573.67212
573.67213
573.67214
573.67215
573.67216
573.67217
573.67218
573.67219
573.67221
573.67222
573.67223
573.67224
573.67225
573.67226
573.67227
573.67228
573.67229
573.67231
573.67232
573.67233
573.67234
573.67235
573.67236
573.67237
573.67238
573.67239
573.67241
573.67242
573.67243
573.67244
573.67245
573.67246
573.67247
573.67248
573.67249
573.67251
573.67252
573.67253
573.67254
573.67255
573.67256
573.67257
573.67258
573.67259
573.67261
573.67262
573.67263
573.67264
573.67265
573.67266
573.67267
573.67268
573.67269
573.67271
573.67272
573.67273
573.67274
573.67275
573.67276
573.67277
573.67278
573.67279
573.67281
573.67282
573.67283
573.67284
573.67285
573.67286
573.67287
573.67288
573.67289
573.67291
573.67292
573.67293
573.67294
573.67295
573.67296
573.67297
573.67298
573.67299
573.67301
573.67302
573.67303
573.67304
573.67305
573.67306
573.67307
573.67308
573.67309
573.67311
573.67312
573.67313
573.67314
573.67315
573.67316
573.67317
573.67318
573.67319
573.67321
573.67322
573.67323
573.67324
573.67325
573.67326
573.67327
573.67328
573.67329
573.67331
573.67332
573.67333
573.67334
573.67335
573.67336
573.67337
573.67338
573.67339
573.67341
573.67674
573.67678
573.7022
573.7023
573.7024
573.7025
573.7026
573.7027
573.7028
573.7029
573.7031
573.7032
573.7033
573.7096
573.7362
573.9721
573.9722
573.9723
573.9724
574.26
574.27
72407.2889
72407.2891
72407.2892
72407.2893
72407.2894
72407.2895
72407.2896
72407.2897
72407.2898
72407.2899
72407.477
72407.478
72407.479
72407.481
72407.482
72407.483
72407.484
72407.485
72407.486
72407.487
72407.488
72407.489
72407.491
72407.492
72407.493
72407.494
72407.495
72407.496
72407.497
72407.498
72407.499
72407.501
72407.502
72407.503
72407.504
72407.505
72407.506
72407.507
72407.508
72407.509
72407.511
72407.512
72407.513
72407.514
72407.515
72407.516
72407.517
72407.518
72407.519
72407.521
72407.522
72407.523
72407.524
72407.525
72407.526
72407.527
72407.528
72407.529
72407.531
72407.532
72407.533
72407.534
72407.535
72407.536
72407.537
72407.538
72407.539
72407.541
72407.542
72407.543
72407.544
72407.545
72407.546
72407.547
72407.548
72407.549
72407.551
72407.552
72407.553
72407.554
72407.555
72407.556
72407.557
72407.558
72407.559
72407.561
72407.562
72407.563
72407.564
72407.565
72407.566
72407.567
72407.568
72407.569
72407.571
72407.572
72407.573
72407.574
72407.575
72407.576
72407.577
72407.578
72407.579
72407.581
72407.582
72407.583
72407.584
72407.585
72407.586
72407.587
72407.588
72407.589
72407.591
72407.592
72407.593
72407.594
72407.595
72407.596
72407.597
72407.693
72407.698
